2 3
2 20
2 88
4 20
4 96
5 31
6 20
6 62
6 77
7 42
8 31
8 56
8 90
10 86
11 39
12 38
12 70
12 85
12 95
14 22
18 90
18 100
19 112
20 39
21 55
21 94
22 76
25 58
26 115
26 118
29 87
29 99
29 115
31 75
31 82
31 87
33 100
33 110
34 58
34 104
35 50
36 110
37 62
42 107
42 139
45 118
47 105
49 140
50 76
50 87
51 78
52 82
53 134
54 55
54 126
55 74
55 77
57 66
57 131
60 115
61 130
63 81
63 124
63 157
64 77
64 102
64 114
64 150
65 108
65 110
66 73
69 80
69 124
69 167
70 111
70 114
70 118
70 128
71 98
72 95
72 139
73 76
74 135
75 99
76 108
78 164
79 100
79 142
80 113
82 109
82 122
82 138
83 164
83 167
84 95
84 105
84 143
86 163
89 173
91 118
92 115
94 139
94 143
94 158
95 147
95 184
97 171
98 110
98 118
98 160
98 188
99 197
102 195
104 159
106 111
106 115
107 129
107 160
109 167
109 192
110 114
111 137
111 156
111 204
113 124
113 153
113 206
114 173
114 199
114 208
116 161
117 123
118 154
119 214
122 195
123 188
124 157
124 178
127 129
127 153
127 163
127 164
128 169
128 211
128 222
130 204
131 215
132 171
132 202
135 184
136 143
136 186
137 147
137 161
139 148
141 143
141 168
142 206
142 221
142 233
143 185
145 181
146 206
147 219
147 225
147 240
148 164
148 171
148 220
149 208
149 219
153 214
154 168
157 229
157 235
159 252
159 257
160 232
161 223
161 248
162 191
162 199
163 261
165 176
166 182
166 221
167 213
169 193
169 210
169 262
171 259
172 257
173 208
173 216
174 266
176 179
176 252
177 224
177 262
177 276
178 185
178 209
179 214
179 230
180 200
181 184
181 243
182 202
182 239
184 201
185 248
185 256
185 281
187 223
187 225
187 249
187 270
190 290
193 289
194 216
194 229
195 222
196 251
196 284
199 212
199 223
200 246
200 271
202 286
203 267
207 240
210 230
211 257
211 264
212 256
215 240
216 270
216 301
218 267
220 228
221 229
221 274
222 233
222 241
223 307
223 323
224 260
225 303
227 279
227 294
228 276
228 296
232 241
232 302
234 314
234 324
235 315
236 246
236 255
236 317
237 247
239 249
239 321
239 331
240 256
242 262
242 296
243 307
244 298
247 279
247 326
248 271
248 306
249 320
249 335
250 307
250 340
252 311
252 326
252 348
253 270
254 318
254 333
254 346
255 312
256 293
257 315
258 323
259 261
259 312
259 322
260 271
260 316
260 328
263 278
263 327
264 320
265 363
267 313
268 269
269 331
270 344
271 339
271 359
272 347
274 304
274 346
275 301
276 319
277 336
277 368
278 326
280 373
281 287
282 331
282 332
283 355
285 289
285 375
286 288
286 365
287 333
288 302
288 323
288 326
289 303
291 324
291 357
293 367
293 374
294 298
296 341
297 323
297 389
299 332
300 374
300 381
300 386
301 352
302 320
302 385
302 401
305 314
305 338
307 344
309 387
311 325
312 408
313 323
314 392
316 323
316 377
317 408
320 323
322 364
322 411
324 400
325 358
325 396
326 344
326 350
326 370
326 422
327 372
328 376
328 412
329 359
330 384
331 389
332 358
332 383
333 393
335 336
335 351
336 349
336 359
336 422
338 374
338 381
340 408
340 417
343 353
343 373
343 401
345 401
346 373
347 410
348 420
349 370
349 410
350 393
351 380
351 393
353 369
354 397
354 433
355 389
358 409
360 378
361 414
362 395
365 458
366 380
366 388
366 405
366 416
366 427
367 387
368 407
368 444
370 406
370 428
370 456
370 462
371 394
371 458
373 449
374 439
375 383
379 386
379 406
380 479
384 438
387 390
389 400
389 438
389 442
390 466
391 407
392 459
392 471
394 454
395 456
395 464
396 464
396 468
396 491
397 484
398 490
399 403
402 414
402 424
402 434
403 478
404 405
404 486
405 471
405 504
406 455
407 479
408 425
409 450
411 450
412 424
412 436
413 477
413 499
414 475
417 467
417 517
419 431
420 499
420 500
421 444
422 426
422 494
423 478
423 510
425 433
428 508
432 446
432 463
432 497
433 461
433 480
433 510
433 520
435 444
435 530
443 452
443 480
443 531
444 493
445 473
449 494
451 481
451 485
451 533
452 477
452 500
452 528
453 511
454 504
455 509
456 493
456 494
456 515
459 476
459 504
459 545
466 530
467 506
470 542
470 557
471 479
474 488
475 478
476 521
477 522
478 484
478 550
480 529
481 514
482 498
482 571
483 577
486 494
486 506
486 536
486 548
487 550
487 564
488 507
489 506
491 512
494 498
494 553
494 558
495 527
495 538
496 535
496 540
497 501
497 548
498 505
498 512
498 558
500 508
500 522
500 539
500 581
502 555
502 570
502 578
503 505
503 583
503 595
504 531
506 509
507 510
507 553
509 547
510 531
510 606
512 550
512 603
513 601
514 555
515 558
515 591
517 597
519 577
520 543
520 617
521 568
523 555
523 590
525 535
526 623
529 536
530 607
532 559
532 585
532 632
533 564
533 610
534 545
534 565
536 578
537 539
538 602
538 629
539 563
539 635
540 606
541 583
541 628
542 626
546 627
547 558
548 632
549 581
549 631
550 612
551 566
551 580
551 615
553 578
556 585
556 589
556 644
558 605
558 631
563 611
565 595
565 656
566 578
566 640
569 571
569 630
570 654
571 651
572 581
572 606
572 630
574 628
575 586
575 610
575 649
576 583
576 645
577 651
578 597
578 678
579 587
580 588
580 654
581 614
581 645
581 656
583 635
584 639
584 652
585 641
586 631
587 645
591 674
593 645
593 650
594 639
594 648
594 656
594 692
595 596
595 624
595 660
596 644
596 675
596 689
597 687
598 603
598 636
599 669
600 671
601 649
601 660
601 701
602 641
604 700
606 660
607 621
608 702
609 640
609 697
610 679
613 676
614 652
614 659
614 683
615 691
616 676
616 713
617 630
617 639
617 663
617 683
617 705
618 621
618 711
619 649
619 682
622 627
623 634
625 714
626 677
626 685
627 645
627 695
628 692
630 699
631 647
631 680
632 667
632 677
632 723
633 643
633 682
633 711
634 643
634 666
638 692
638 732
639 694
641 654
641 662
642 667
643 667
644 666
644 678
645 704
645 735
646 688
646 729
648 682
648 743
649 708
649 731
649 739
650 655
653 730
653 751
654 726
655 687
656 686
657 705
658 716
659 690
659 698
659 731
660 750
661 694
661 707
661 729
661 749
662 673
663 735
663 750
664 682
664 728
666 697
667 758
668 727
669 704
670 695
670 723
672 752
673 676
673 712
679 709
679 742
679 755
680 691
680 713
680 761
681 706
681 765
682 693
682 752
683 687
683 723
685 703
685 774
685 779
686 750
687 769
687 786
689 712
689 731
689 787
691 697
692 734
692 774
693 743
693 779
694 758
695 751
696 734
697 718
697 737
697 766
698 712
699 764
701 772
702 732
702 751
702 759
703 755
703 775
704 709
705 717
708 802
710 722
710 764
718 803
719 723
719 753
719 802
719 807
720 723
720 744
721 803
723 821
723 823
725 727
725 749
726 766
726 775
727 816
728 762
728 783
729 766
730 797
732 824
733 789
735 765
736 779
736 811
737 771
739 834
740 795
742 782
742 835
742 839
743 774
743 786
743 806
743 832
743 833
743 840
744 786
745 783
746 832
747 799
747 808
748 768
749 794
749 827
749 841
749 846
750 752
750 792
750 819
750 845
752 767
752 804
752 822
752 850
753 762
753 806
754 834
755 776
756 809
756 846
756 854
757 781
757 846
759 835
760 801
761 785
762 779
762 801
763 822
764 767
765 781
765 788
765 807
766 837
767 849
767 865
768 806
768 846
768 849
770 771
770 869
771 772
771 851
774 812
776 790
777 806
777 809
778 819
780 798
781 807
782 784
783 855
783 860
784 878
785 811
785 872
786 815
786 842
787 845
789 881
790 804
790 890
791 864
793 864
794 795
794 798
795 871
796 840
797 860
799 804
800 810
802 889
803 833
804 849
804 850
804 853
804 865
805 876
807 902
808 830
810 823
811 873
813 835
813 850
813 870
814 856
815 867
817 916
820 883
820 914
821 851
821 864
824 825
825 879
826 888
827 858
828 908
830 896
831 872
832 867
832 900
832 915
834 903
834 910
835 917
837 904
837 935
838 849
839 842
839 868
840 869
841 865
841 922
845 853
845 854
846 938
847 870
849 914
851 913
852 919
852 921
852 935
853 854
853 909
854 904
855 920
856 941
857 954
858 954
859 935
860 912
860 944
864 865
864 939
865 866
866 869
867 924
869 900
869 947
870 966
872 954
875 934
876 909
878 893
879 943
880 909
881 935
882 936
882 961
882 976
886 898
886 953
887 923
887 965
888 938
888 956
888 969
889 942
894 969
895 939
895 990
896 902
896 911
896 934
897 933
898 983
900 990
901 913
903 906
903 922
903 948
903 955
903 963
904 985
906 1000
907 949
908 999
909 963
909 998
911 977
911 993
914 926
914 982
915 981
916 977
919 922
920 952
921 995
923 951
923 982
923 992
924 972
925 933
929 963
931 991
932 947
933 937
938 957
939 965
942 949
942 971
946 977
951 989
954 973
956 979
957 976
957 997
958 960
958 998
966 981
972 986
972 989
976 989
979 982
988 996
